18 18
4 64 132 132 132 132 132 132 132 132 132 132 132 132 132 132 132 132
67 67 132 132 132 132 132 132 132 67 88 132 132 132 132 132 132 132
77 78 132 132 132 132 132 132 132 132 132 132 132 132 132 132 132 132
132 132 132 132 132 132 132 132 132 132 132 132 132 132 132 132 132 132
132 132 132 132 132 132 132 132 51 67 79 132 132 132 132 132 132 132
132 132 132 132 132 132 132 132 132 132 132 132 132 132 132 132 132 132
132 132 132 132 132 132 132 114 132 161 161 132 132 132 132 132 132 132
132 132 132 132 132 132 132 132 132 132 132 132 132 132 132 132 132 132
132 132 132 132 132 132 132 132 132 132 132 132 132 132 132 132 132 132
132 132 132 132 132 132 132 132 132 132 132 132 132 132 132 132 132 132
132 132 132 132 132 132 132 132 132 132 132 132 132 132 132 132 132 132
132 132 132 132 132 132 132 132 132 132 132 132 132 132 132 132 132 132
132 132 132 132 132 132 132 132 132 132 132 132 132 132 132 132 132 132
132 132 132 132 132 132 132 132 132 132 132 25 67 86 132 132 132 132
132 132 132 135 132 132 132 132 132 132 132 132 132 132 132 132 132 132
132 132 132 132 132 132 132 132 132 132 132 132 132 132 132 132 132 132
132 132 132 132 132 132 132 132 132 132 132 132 132 132 132 132 132 132
132 132 132 132 132 132 132 132 132 132 132 132 132 132 132 132 132 132
