18 18
55 67 78 132 132 132 132 132 132 132 132 132 132 132 132 132 132 132
132 132 132 132 132 132 132 132 132 132 132 132 132 4 25 132 132 132
132 132 132 132 132 132 132 132 132 132 132 132 132 67 67 132 132 132
132 132 132 132 132 132 132 132 132 132 132 132 132 77 86 132 132 132
132 132 132 132 132 132 132 132 132 132 132 132 132 132 132 132 132 132
132 132 132 132 132 132 132 132 132 132 132 132 132 132 132 132 132 132
132 132 132 132 132 165 132 132 132 132 132 132 132 132 132 132 132 132
132 132 132 132 132 132 132 132 132 132 132 132 132 132 132 132 132 132
132 132 132 132 132 132 132 114 132 165 132 132 132 132 132 132 132 132
132 132 132 132 165 132 132 132 132 132 165 132 132 132 132 132 132 132
132 132 132 132 132 132 165 132 132 132 132 132 132 132 132 132 132 132
132 132 132 132 132 132 132 132 132 132 132 132 132 132 132 132 132 132
132 132 132 132 132 132 132 132 132 132 132 132 132 132 132 132 132 132
132 132 132 132 132 132 132 135 132 132 132 132 132 132 132 132 132 132
132 132 132 132 132 132 132 132 132 132 132 132 132 132 132 132 132 132
132 132 132 132 132 132 132 132 132 132 132 132 132 132 132 132 132 132
132 132 132 132 132 132 132 132 132 132 132 132 132 132 132 132 132 132
132 132 132 132 132 132 132 132 132 132 132 132 132 132 132 132 132 132
