18 18
55 67 132 64 67 78 132 132 132 132 132 132 132 132 132 132 132 44
4 67 77 44 67 89 132 132 132 132 132 132 132 132 132 132 132 67
132 67 132 55 67 90 132 132 132 132 132 132 132 132 132 132 132 79
132 132 132 132 132 132 132 132 132 132 132 132 132 132 132 132 132 132
132 132 132 132 132 132 132 132 132 132 132 132 132 132 132 132 132 132
132 132 132 132 132 132 132 132 132 132 132 132 132 132 132 132 132 132
132 132 132 132 132 132 132 132 132 132 132 132 132 132 132 132 132 132
132 132 132 132 132 132 132 132 165 132 132 132 132 132 132 132 132 132
132 132 132 132 132 154 114 132 132 132 132 132 132 132 132 132 132 132
132 132 132 132 132 114 132 132 132 132 132 132 132 132 132 132 132 132
132 132 132 132 132 132 114 132 132 132 132 132 132 132 132 132 132 132
132 132 132 132 132 132 132 132 132 132 132 132 132 132 132 132 132 132
132 132 132 132 132 132 132 132 132 132 132 132 132 132 132 132 132 132
132 132 132 132 67 79 132 132 132 132 132 132 132 132 132 132 132 132
132 132 132 25 67 86 132 132 132 132 132 132 132 132 132 132 132 132
132 132 132 132 132 132 132 132 132 132 132 132 132 132 132 132 132 132
132 132 132 132 132 132 132 132 132 132 132 132 132 132 132 132 132 132
132 132 132 132 132 132 132 132 132 132 132 132 132 132 132 132 132 135
